0.1
0.010000000000000002
0.1999999999999999

0.2
0.04000000000000001
0.40000000000000036

0.30000000000000004
0.09000000000000002
0.6000000000000005

0.4
0.16000000000000003
0.8000000000000007

0.5
0.25
1.0000000000000009

0.6
0.36
1.200000000000001

0.7
0.48999999999999994
1.400000000000004

0.7999999999999999
0.6399999999999999
1.6000000000000014

0.8999999999999999
0.8099999999999998
1.8000000000000016

0.9999999999999999
0.9999999999999998
1.9999999999999907

1.0999999999999999
1.2099999999999997
2.200000000000002

1.2
1.44
2.400000000000002

1.3
1.6900000000000002
2.6000000000000023

1.4000000000000001
1.9600000000000004
2.8000000000000025

1.5000000000000002
2.250000000000001
3.0000000000000027

1.6000000000000003
2.560000000000001
3.200000000000003

1.7000000000000004
2.8900000000000015
3.400000000000003

1.8000000000000005
3.2400000000000015
3.600000000000003

1.9000000000000006
3.610000000000002
3.8000000000000034

2.0000000000000004
4.000000000000002
3.999999999999937

2.1000000000000005
4.410000000000002
4.199999999999937

Press any key to continue . . .
